1111111111111111111111115111111111111111111111222221111111115111111111111111111111111111111111111111
1111611111111111111111111111111111111111111111122222211111111111111111111111111111111111111111111111
1111111111111111111111111111111111111111111111111222111111111111111111111111111111111111111111111111
1111111111111111111111111111111111111111111111111111111111111111111111111111111111111111111111111111
1111111111111111111111111111111111111111111111111111111111111111111111111111111111111111111111111111
1111111111111111111111111111111111111111111111111111111111111111111111111111111111111111111111111111
1111111111232111111111111111111111111111111111111111111111111111111111111111111111111111111111111111
1111111133333331111111111111111111111111111111111111111111111111111111111111111111111111112221111111
1111111333333333111111111111111111111111111111111111111111111111111111111111111111111111112221111111
1111113333333333311111111111111111111111111111111111111111111111111111111111111111111111111111111111
1111113333333333311111111111111111111611111111111111111111111111111111111111111111111111111111111111
1111113333333333311111111111111111116611111111111111111111111111111111111111111111111111111111111111
1111133333333333331111111111611111111111111111111111111111111111111111111111111111111111111111111111
1111113333333333311111111111111111111111111111116111111111111211111111111611111111111111111111111111
1111113333333333311111111111111111111121111111116111111111111111111111111221111111111111111111111111
1111113333333333311111111111111111111111111111111111111111111111111111111222211111111111111111111111
1111111333333333111111111111111111111161111111111111111111111111111111111122222111111111111111511111
1111111133333331122111111111111111111111111111111111111111111111111111111111222221111111111111111111
1111111111131111121111111111111111111111111111111111111111111111111111111111112222111111111111111111
1111111111111111111111111111111111111111111111111111111111111111111111111111111121111111111111111111
1111111111111111111111111122111111111111111111111111111111111111111111111111111111111111111111111111
1111111111111111111111111122111111111111111111111111111111111111111111111111111111111111111111111111
1161111111111111111111111111111111111111111111111111111111111111111111111111111111111111111111111111
1111111111111111111111111111611111111111111111111111111111111111111111111111111111111111111111111111
1111111111111111111111111111111111111116111111111111111111111111111111111111111111111111111111111111
1111111111111111111111111111111111111111661111111111111111111111111111111111111111111111111111111111
1111111111111111151111111111111111111111111111111111111111111111111111111111111111151111111111111111
1111111111111111111111111111116111111111111111111111111111111111111111111111111111111111111111111111
1111111111111111111111111111111111111111111111111111111111111111111111111111111111111111111111111111
2111111111111111111111111111111111111111111111111111111111111111111111111111111111111111111111111111
2166111111111121151111111111111111111111111111111111111111111111111111111111111111111111511111111111
1111111111111122111111111111111111111111111111111111111111111111111111111111111111111111111111111111
1111111111111222111151111111111111111111111111111111111111111111111111111111111111111111111111111111
1111111111111222111111111111111111111111111111111111111111111111111111111111111111111111111111111111
1111111111111222111111111111111111111111111111111111111111111111111111111111111111111111111111111111
1111111111111222111111111111111111111111151111111111111211111111111111111111111111111111111111111111
1111111111111122211111111111111111111111111111111111111222111111111111111111111111111111111111111111
1111111111111122211111111111111111111111111000000000012222111111111111111111111111111111111111111111
1111111111111112211111111111111111111111000000000000000222211111111111111111111111111111111111111111
1111111111111112221111111111111111111100000000000000000022111111111111111111111111111111111111111111
1111111111111112221111111111111511110000000000000000000000111111111111111111111111111111111111111111
1111111111111112221111111111111111100000000000000000000000011111111111111111111111111111111111111111
1111111111111112221111111111111222000000000000000000000000011111111111111111111111111111111111111111
1111111111111112221111111111122200000000000000000000000000002111111111111111111111111111111111111111
1111111111111111111111111111220000000000000000000000000000002111111111111111111111111111111111111111
1111111111111111111111111110000000000000000000000000000000002211111111111111111111111111111111111111
1111116111111111111111110000000000000000000000000000000000002211111111111111111111111111111111111111
1111111111111111111115110000000000000000000000000000000000002211111111111111111111111111111111611111
1111111111111111111111100000000011000000000000000000000000002221111111111111111111112211111111111111
1111111111111111111211100000001111111100000000000000000000002111111111111111111111112211111111111111
1111111111111111111222110000111111111111000000000000000000000111111111111111111111111111111111111111
1111111111111111112222211111111111111111000000000000000000000011111111111111111111111111111111111111
1111111111111111112222221111111111111111000000000000000000000011111111111111111111111111111111111111
1116111111111111111121111111111111111111100000000000000000000001111111111111111111111111111111111111
1111111111111111111111111111111511111111150000000000000000000000111112221111111111111111111111111111
1111111111111111111111111121111111111111151000000000000000000000011112222111111111111221111111111111
1111111111111111111111111111111111111111111000000000000000000000000122222111151111111221111111111111
1111611111111111111111111111111111111111111100000000000000000000000022222111111111111211115111111111
1111111111111111111111111111111111111111111200000000000000000000000000111111111111112211111111111111
1161111111111111111111111111111111111111112200000000000000000000000000111111111111112211111111111111
1661111111111111111111111111111111111111111122100000000000000000000000111111111111112111111111111111
1111111111111111111111111111111111111111111111100000000000000000000000111111111111122111111111111111
1111111111111111111111111111111111111111111111110000000000000000000001111111111111122111111111111111
1111111111112211111111111111111111111111111111111000000000000000000011112221111111121111111111111111
1111111111111211111111111111111111111111111111111000000000000000000111112111111111111111111111111111
1111111111111111111111111111111111111111111111111100000000000000011111112211111111111111111111111111
1111111111111111111111111111111111111111111111111111000000000011111111112211111111111111111111111111
1111111111111111111111111111111111111111111111111111120000011111111111111111111111111111111111111111
1111111111111111111111111111111111111111111115111151111111111111111111111111111111111111111111111111
1111111111111111111111111111111111111111111111111111111111111111111111111111111111111111111111111111
1111111111111111111111111111111111111111111111111111111111111111111111111111111111111151111111111111
1111111111111111111111111111111111111111111111111111111111111111111111111111111111111151111221111111
1111111111111111111111111111111111111111111111111111111111111111111111111111111111111111111222111111
1111111111111112111111511111111111111111111111111111111111111111111111111111111111111111111221111111
1111111111111111111111111111111111111111111111111111111111111111111111111111111111111111111121111111
1111111111111111112221111111111111111111111111111111111111111111111111111122211111111111111111111111
1111111111111111112222221111111111111111111111111111111111111111111111111111111111111111111111111111
1111111111111111112222211111111111111111111111111111111111111111111111111111111111111111111111111111
1111111111111111111122111111111111111111111111111111111111111111111111111111111111111111111112111111
1111111111111111111111111111121111111111111111111111111111111111111111111111111111111111111112211111
1111112111111111111111111111122111111166111111111111111111111111111111111111111111111111411112211111
1111122221111111111111111111122111111166111116111111111111111111111111111111111111111444444412111111
1111122222211111111111111111111111111111111111111111111111111111111111111111111111114444444441111111
1111111222211111111111111111111111111111111111111111111111111111111111111111111111144444444444111111
1111111111111111111111111111111111111111111111111111111111111111111111111111111111144444444444111111
1111111111111111111111111111111111111111111111111111111111111111111111111111111111144444444444111111
1111111111111111111111111111111111111111111111111111111111111111111111111111111111444444444444411111
1111111111111111111111111111111111111111111111111111111111111111111111111111111111144444444444111111
1111111111111111111111111111111111111111111111111111111111111111111111111111111111144444444444111111
1111111111111111111111111111111111111111111111111111111111111111111111111111111111144444444444111121
1111111111111111111111111111111111111111111111111111111111111111111111111111111111114444444441111222
1111111161111111111111111111111111111111111111111111111111111111111111111111111111111444444411111222
1111111111122222116111111116111111111111111111111111111111111112111111111111111111111111411111111222
1111111111112222211111111111166111111111111111111111111111111122211111111111111111111111111111111211
1111111111111122221111111111111111111111111111111111111111111112111111111111111111116111111111111111
1111111111111111111111111111111111111111111111111111111111111111111111111111111111111111111111111111
1111111111111111161111111111111111111111111111111111111111111111111111111111111111111111111111111111
1111111111111111111111111111111111111111111111111111111111111111111111111111111111111111111111111111
1111111111111111111111111111111111111111111111111111111111111111111111111111111111111111111111111111
1111111111111111111111111111111111111112211111111111111111111111111111111111111111111111111111111111