1111100000000001111111111111100001111111111111111111112111111111111111111111111111101111111111111111
1111110000000001111111111111210011111111111111111111111111111111111111111111111111111111111111111111
0111110000000111111121111111111000111111111001111111111111111111211111111111111112111111111111111111
0000000000000111112111111111110000011112000001100111111111111111111111111121111100000011111111111111
0000000000211111111111111111110000000000000001100111111111101111111111111111111100000001111111111111
0000001111111211111111111111100000000000002111111111111111121111111111111111111100000001111111111111
0000001111111111111111111111100000000000001111111111211111111121111111111111111100000000011111111111
0000000111111111111111111111100000000000001111111111111111111121121111111111111212000000011111111111
0000001111111111111111111111100000000000011111111111111111111121111211111111111111100011111111111111
0010021120001111111111111111100000000000011111111211111111111100111111111111111111100002111111111111
1111111100002111111111111111100000000021111111111111111111111000111111111111111111100000011111111111
1111111100001111111111111111100000000011111111111111111111111001111110111111211111000000000111111111
0111111100010001111111111111100000000111111111111111111111111000110000011111111111000000000111211111
0111121110000000111111111111000000000111111111111111111111111000000000001111111111100000000111111111
0111111111100000111111111122100000000111111111111111111211110000010000000111111111110000000011111111
1111111111110111111111111111100001100111111111111111111111110000111000000001111111110011110111111111
1111111111111111111111111111112001111111111111111111211121111111111110000001111111111111111111111111
1111111111111111111111111111111001111101111111111111111111111111111111000001111111111111111111111211
1111111111112000111111111111210000111000111111112011111211111111111111100211111111111111121111111111
2111111111111000111111111100010000111111110000000011110111111111111111111111111111111111111112111111
2111111111110000111111111101111101111111100000000011110011111111111121111111111111111111111111111000
1111111110000001111111111111111111111111100000000111110111111111111111111111211111111111111111111000
1111111100000111111111111111111111111111111000111111111111111111111111111111111111111111111111211000
1111110002111111111111111111111111111111111111101111111111111111111111111111111111111111111111112200
1111101111111111111111111111111111111111111111111111111111111111111111111111111100002111111121111110
1111111111111111111111111111111111111111111111111111111111111111111111111100002100002111111111111111
1110001111111111111111121111111111111121111111111111111111111111111111100000000000001111111111111111
1200000111111121111111111111111111111001111111111111111111111021111111000000000000000111111111111111
1120011111111111111111111111111111110002111111111111111111110000111112000000000000000011111111111111
1112111211111111111111111111111111100111111111111111111111110000011112000000000000000011111111111111
1111111111111111111121111111111202111111111111111111111111110000011111000120000000000011111111111111
1111111111111111111111111111111100001111111111111111111111000000001111111111111110000000011111111111
1112111111111111111111111111111100001111111111111111111111000000002111111111111110000000001111111111
1111111111111111111100001111111110011111111111111111111112000000001111111111111112001011200111111111
1111111111111111100001001111111111111111111111111111111111000000001111111111111111101111110000111111
1111111111111111100001111111111111111111111111111111121111211111000111111111111111111111110000111111
1111121111111111110001111111111111111111111111111111111111111111001111111111211111111111110000111111
1111111110011111110001111112111111111111111111111111111111111111001111111111111111111111111000000111
0000000000021111111111110011211111111111111111111111111211111111111111111111111111111111111111200111
0000000000011111111111100011111111111111111111111111121111111111111111111111111111111111111111111111
0000000000111111111111100111111111111111111111111111111111111111001111111111111111111111111112111111
0000000001111111111111111111111111111111111111111111111111111111110001111111111111111111111111111111
0000000011111111111111111111111111111111111111111111111121111111120000111111100011111111111111111111
0000000001111111111111111111111111111111111111111111111111111111110000011111100011111111111112000011
0000000001111111111111111111111111111111111111111111111111111111110000011111112111111111111121000001
1100000001111111111111111111111111111111111111111111111111111111110000011111111111111111111110000002
1111000002111111111111111111111111111111111111111111111111111111100000011111111111111111111100000111
1111000211111111111111111111112111111111111100111111111111111111000000011111111111111111111000000111
1121001111111111111111111111111111111111111000011111111111111111001000111111111211111111111000000111
1110000111111111111111111111111111211111110000000011111111111111111100111111111111111111111000000111
1100000001111111111111111111111211111111120000011002111111111111111000111111111111111111111100011101
1110000001111111111111111111111111111102110000011001111111111111111000011111111111111111111111000000
1110000000111111111111111111111111111000000000000000111111111111111000111111111111111111111111100000
1110000000111111111111111111111111111000000000000000111111111111111001111111111111111121111111110000
1111000000011111111111111111111111111000001011000001111111111111111001111111111111111111111111111000
1111000000001111111111111111111111111000002111000001111111111111111101111111111111111121111111111100
1111000000000111111111111111111111111000001111100002111111111111111101111111111111111100011111211111
1111200000000112111111111111111111111100011121111101111111111111111111111111111111111000111111111111
1111000000001111111111111111111111111100111111111111111111111111111111111111111111111000111111111111
1111100000001111111111111111110211211100001111111111111111111111111111111111111111110000001111111111
1111100000000111111111111111100111110000001111111111100002111111111111111111111111110000011111211111
1111111000000111111000010001000000000000001111111111200111111111111111111111111111100000211111111111
1111111100000011110000000000100000000000011111111111000111111111111111111111111111110000112111111111
1111111100000000000011111111111100000000011111121112000111111111111111111111111111111210000011111111
1111111100000000000111111111111110000000011111111110000111111111111121111111111111111111000011111111
1111111100000000000111111111111210000011111111111100001111111111111111111111111111111111000001111111
1111111110000000000111111111111111000011111111111000001111111111111111111111111111111111000000001111
1111111110000000000111111111111111000111111111112100000111111111111111111111111111111111221000000011
1111111111000000011111111111111111111111111111111111001121111111111111111111111111111111111000000000
1111111111000000111111111111111111111111111111002111111111111111111111111111111111111111111000000000
1111111111000000111111111111111111111111111000001120011111111111111111111111111111111111111100000000
1111111100000000111111111111111111111111111000000000011111111111111111111121111111111111111110000000
1111111000000000111111111211111111110011121000000000001111111111011111111111111121111111111111102000
1110000000000001111111121111111111000011111100110000000001111110000011111111111111111111111111102200
1110000000000111111111111111111100000011121112111000000000000000000001111111111111111111111111100111
1100000000000111111111112111111000000001111111111120001000000000000002111111111111111211111111111121
1110011000110211111111111121111000111011111111111111011100000000000001111111111121100011111111111111
1111122111111111111111100001111101111121111111111111111111010000000011111111111112000011111111111111
1111111111111111111111100001111111111111111111111111111111111111111111111111211220000111111111111111
1111111111111111111111100011111111111111111112111111111111111111111111111111120000000111111111111111
1111111111111121111111110011111111112111111111111111111111111111111111111111100000000011111111111111
1111111111111111111111112111112111112111111112111111111111111111111111111111100000000001111111111111
1111111111111111111111111212011111111111111111111111111111111111111111111111110010000001111111111111
1111111111111111111111111001111111111111111111111111111111111111111111111111111221000001111111111111
1111111111111211211111111111111111111111211111111110011111111111111111111111100000111111111111111111
1111111111111111111111111111111111111111111111111100011111111111111111111111000000111121111111111110
1111111111211111111211111111111111111111121111111100021111111111111111111111000000011111111111111100
1111112000001111111111111111111111111121111111111101111111111111100111112111100000011111111111111000
1111000000001111111111111111111111111111111111111111111111111111000000000000100000112111111111112000
1110000000111111111111111110000002111111111111121111112111111110000000000000120000111111111111111110
1110000000111111111111111110000000120011111112111111111111111110000000000001111011111111111111111111
1111000011111111111111111110000000000011111112111111111111111110000000000011111111111111111111111111
0111110011111111111111111210000000000011111111111111111111111111000000000001111111111111111111111111
0111111001111111111111111110000000000011111111111111111111111111110000000001111111111111111111111111
1111111001111111111111112111002110000111111111111111111111111111110000000000111111111110111111111111
1111111201111111111111121111111111111111111111111111111111111111110000000000111111111110111111111111
1111111121111111111111111111111111111111100000111111111111111111112000000000111111111110111111111111
1111111111121111111111111111111111111121100000111111111111111111111000000000111111111111111111111111
1111111111111111111111111111111111111111100000111111111111111111111000000000111111111111111111111111
1111111111111111111121111121111111111112100021111111111111111111111100000001111111111111111111111111